Vertex1	Vertex2	Cost	CellRoute
24231	24922	68.03	24231	24232	24233	24234	24235	24236	24237	24238	24459	24460	24461	24682	24683	24684	24685	24686	24687	24688	24689	24690	24691	24692	24693	24694	24695	24916	24917	24918	24919	24920	24921	24922
29329	28024	40.36	29329	29330	29331	29332	29333	29334	29335	29336	29117	28898	28899	28680	28461	28242	28243	28024
15624	17181	41.43	15624	15845	15846	15847	15848	15849	16070	16291	16292	16513	16734	16955	16956	16957	16958	16959	16960	17181
14809	13903	60.92000000000003	14809	14808	14807	14806	14805	14804	14583	14582	14581	14580	14579	14578	14577	14576	14575	14574	14573	14572	14571	14570	14569	14568	14567	14346	14345	14124	13903
20505	20504	2.0300000000000002	20505	20504
24488	24716	20.779999999999998	24488	24489	24490	24491	24492	24493	24714	24715	24716
25555	27755	26.65	25555	25775	25995	26215	26435	26655	26875	27095	27315	27535	27755
32416	29125	47.760000000000005	32416	32417	32418	32199	31980	31761	31542	31323	31103	30883	30663	30443	30223	30003	29784	29565	29345	29125
20752	20318	13.43	20752	20533	20314	20315	20316	20317	20318
20544	20542	3.55	20544	20543	20542
27129	26249	11.080000000000002	27129	26909	26689	26469	26249
22506	22716	23.25	22506	22505	22504	22503	22502	22501	22720	22719	22718	22717	22716
22726	22506	2.2199999999999998	22726	22506
24488	24922	16.57	24488	24487	24706	24705	24924	24923	24922
30187	31519	34.84	30187	30188	30409	30410	30411	30412	30633	30634	30635	30856	31077	31298	31519
22768	22559	22.86	22768	22769	22770	22771	22772	22773	22774	22555	22556	22557	22558	22559
15624	9275	101.39999999999999	15624	15405	15186	15187	14968	14749	14530	14311	14092	13872	13652	13433	13214	12995	12776	12556	12336	12116	11897	11678	11459	11240	11021	10802	10583	10584	10585	10586	10587	10588	10589	10370	10151	9932	9713	9494	9275
20760	20542	5.72	20760	20761	20542
26944	22559	61.6	26944	26725	26506	26287	26288	26289	26070	25850	25631	25412	25192	24973	24753	24534	24315	24095	23876	23656	23437	23218	22999	22779	22559
21872	19462	35.23	21872	21653	21434	21215	20996	20776	20557	20338	20119	19900	19681	19462
22715	22716	2.19	22715	22716
32416	33512	16.19	32416	32636	32855	33074	33293	33512
33524	32447	59.63	33524	33525	33526	33307	33088	33089	33090	33091	33092	33093	33094	33095	33096	33097	33098	32879	32660	32441	32442	32443	32444	32445	32446	32447
24937	24716	3.54	24716	24937
18354	19017	10.010000000000002	18354	18575	18796	19017
24231	21357	47.93	24231	24010	23789	23568	23347	23346	23125	22904	22684	22463	22242	22021	21800	21579	21578	21357
19032	18380	25.42	19032	19033	19034	19035	18816	18597	18378	18379	18380
20752	20760	15.52	20752	20753	20754	20755	20756	20757	20758	20759	20760
15945	13305	32.06	15945	15725	15505	15285	15065	14845	14625	14405	14185	13965	13745	13525	13305
22016	27755	79.19	22016	22236	22456	22677	22898	23119	23340	23561	23782	24003	24224	24445	24665	24885	25106	25327	25548	25769	25990	26211	26431	26651	26872	27093	27313	27534	27755
32416	33742	18.34	32416	32637	32858	33079	33300	33521	33742
25555	24231	17.71	25555	25335	25114	24893	24672	24452	24231
22341	19254	44.38999999999999	22341	22120	21900	21680	21460	21239	21018	20798	20578	20357	20136	19915	19695	19475	19254
29329	28661	20.500000000000004	29329	29328	29327	29106	28885	28884	28883	28662	28661
18976	18540	11.42	18976	18977	18978	18759	18540
15444	13903	18.290000000000003	15444	15223	15003	14783	14563	14343	14123	13903
24937	24958	46.88	24937	24938	24939	25160	25161	25162	25163	25164	24945	24946	24947	24948	24949	24950	24951	24952	24953	24954	24955	24956	24957	24958
24958	24959	2.04	24958	24959
27783	26249	20.17	27783	27564	27345	27126	26907	26687	26468	26249
15029	18540	47.760000000000005	15029	15248	15468	15688	15908	16128	16347	16566	16785	17004	17223	17442	17661	17880	18100	18320	18540
33511	32844	17.77	33511	33290	33289	33068	33067	33066	32845	32844
20504	17182	62.13999999999999	20504	20283	20062	19841	19620	19619	19398	19177	18956	18735	18514	18293	18072	18071	18070	18069	17848	17627	17406	17405	17404	17183	17182
22341	19481	37.67	22341	22122	21903	21683	21462	21241	21021	20801	20581	20361	20141	19921	19701	19481
20504	21357	63.67999999999999	20504	20503	20722	20941	20940	20939	20938	20937	20936	20935	20934	20933	20932	20931	20930	20929	21148	21367	21366	21365	21364	21363	21362	21361	21360	21359	21358	21357
15624	18045	28.67	15624	15844	16064	16284	16504	16724	16944	17164	17384	17605	17825	18045
32165	30187	29.11	32165	31945	31725	31504	31285	31065	30845	30626	30406	30187
12155	9275	57.31999999999999	12155	11934	11713	11492	11271	11050	10829	10608	10387	10166	10165	10164	10163	10162	9941	9940	9939	9938	9717	9496	9275
22715	19197	45.14000000000001	22715	22495	22275	22055	21835	21615	21395	21175	20956	20737	20517	20297	20077	19857	19637	19417	19197
19031	18809	11.870000000000001	19031	18810	18809
19481	18380	17.72	19481	19261	19041	18820	18600	18380
33728	32844	13.870000000000001	33728	33507	33286	33065	32844
13499	12155	60.1	13499	13278	13057	13056	13055	12834	12613	12612	12391	12390	12389	12388	12387	12386	12385	12384	12383	12382	12381	12160	12159	12158	12157	12156	12155
19436	18559	11.89	19436	19217	18997	18778	18559
13284	12425	47.46	13284	13285	13286	13287	13288	13289	13290	13291	13292	13293	13294	13295	13296	13297	13298	13299	13080	12861	12642	12423	12424	12425
13305	12425	11.120000000000001	13305	13085	12865	12645	12425
14809	15029	2.55	14809	15029
32416	30209	31.730000000000004	32416	32195	31974	31754	31534	31313	31092	30872	30651	30430	30209
19031	19032	5.09	19031	19032
33524	29125	50.94	33524	33305	33085	32866	32646	32426	32206	31986	31766	31546	31326	31106	30886	30666	30446	30226	30006	29786	29566	29346	29125
20544	21652	20.869999999999997	20544	20765	20766	20987	21208	21209	21210	21431	21652
19195	18976	4.7	19195	18976
18976	19197	3.5300000000000002	19197	18976
22341	32230	124.64	22341	22560	22780	23000	23220	23439	23659	23879	24099	24319	24539	24759	24979	25199	25419	25639	25859	26080	26300	26520	26740	26960	27180	27400	27620	27840	28060	28280	28501	28721	28941	29160	29380	29600	29819	30038	30257	30478	30697	30916	31135	31354	31573	31792	32011	32230
30209	32623	34.74	30209	30429	30649	30869	31089	31309	31528	31747	31966	32185	32404	32623
19462	18809	18.39	19462	19243	19244	19025	19026	19027	19028	18809
19254	19032	7.59	19254	19253	19032
33511	33512	2.19	33511	33512
23826	22726	12.780000000000001	23826	23606	23386	23166	22946	22726
28661	30187	37.39	28661	28880	29099	29318	29317	29316	29315	29314	29313	29312	29311	29530	29749	29968	30187
21856	24716	34.57000000000001	21856	22076	22296	22516	22736	22956	23176	23395	23615	23835	24055	24276	24496	24716
21135	21356	3.24	21135	21356
24488	26249	23.000000000000004	24488	24708	24928	25148	25368	25588	25808	26029	26249
17182	17181	2.0	17182	17181
35954	35276	41.95	35954	35953	35952	35951	35950	35949	35948	35947	35946	35945	35944	35943	35942	35941	35940	35939	35718	35497	35276
19462	19017	12.719999999999999	19462	19461	19240	19019	19018	19017
24922	29967	67.42999999999999	24922	25141	25361	25580	25799	26018	26237	26457	26677	26896	27116	27337	27556	27775	27994	28213	28432	28651	28871	29091	29310	29529	29748	29967
21856	20752	14.649999999999999	21856	21635	21414	21194	20973	20752
21856	20760	15.099999999999998	21856	21637	21418	21198	20979	20760
22715	24014	53.779999999999994	22715	22934	22933	23152	23371	23370	23369	23368	23367	23366	23585	23804	23803	23802	23801	23800	23799	23798	24017	24016	24015	24014
21356	17182	50.99999999999999	21356	21136	20916	20696	20476	20256	20036	19816	19596	19377	19157	18937	18717	18497	18277	18058	18059	17840	17621	17402	17182
33728	33511	7.92	33728	33509	33510	33511
22716	24046	25.760000000000005	22716	22937	22938	23159	23380	23601	23602	23603	23824	24045	24046
33736	33512	10.11	33736	33735	33734	33733	33512
26944	28024	47.459999999999994	26944	26943	26942	26941	26940	26939	26938	27157	27376	27595	27814	28033	28032	28031	28030	28029	28028	28027	28026	28025	28024
33743	33524	3.54	33743	33524
22091	24716	42.48	22091	22310	22529	22528	22527	22526	22745	22964	23183	23402	23621	23840	24059	24278	24497	24716
21357	21356	2.1799999999999997	21357	21356
26944	32230	69.80999999999999	26944	27164	27384	27604	27824	28044	28264	28484	28704	28924	29144	29364	29583	29803	30024	30244	30464	30684	30904	31124	31345	31346	31567	31788	32009	32230
35954	35512	7.08	35954	35733	35512
20752	22068	15.469999999999999	20752	20972	21191	21410	21630	21849	22068
19254	19481	15.169999999999998	19254	19255	19256	19257	19258	19479	19480	19481
15444	19195	49.65	15444	15665	15885	16105	16326	16546	16767	16988	17209	17430	17650	17871	18091	18311	18532	18753	18974	19195
33736	33742	11.85	33736	33737	33738	33739	33740	33741	33742
33743	33742	2.01	33742	33743
15945	18809	43.440000000000005	15945	16165	16385	16605	16825	17045	17265	17485	17705	17925	18145	18366	18587	18588	18809
22091	24959	40.6	22091	22311	22531	22751	22971	23191	23412	23633	23854	24075	24296	24517	24738	24959
9495	17182	100.15	9495	9714	9933	10152	10372	10591	10811	11031	11251	11471	11691	11911	12131	12350	12569	12788	13007	13227	13446	13665	13885	14105	14325	14544	14764	14984	15204	15424	15643	15863	16083	16303	16523	16743	16962	17182
32401	35276	48.65999999999999	32401	32622	32843	33064	33285	33506	33727	33948	34169	34390	34611	34832	35053	35274	35275	35276
22016	21135	10.59	22016	21795	21575	21355	21135
30209	29329	11.120000000000001	30209	29989	29769	29549	29329
19017	15945	40.730000000000004	19017	18798	18579	18359	18140	17920	17700	17481	17262	17043	16823	16603	16383	16164	15945
13284	13502	5.05	13284	13283	13502
20542	18559	26.080000000000002	20542	20322	20101	19880	19660	19440	19220	18999	18779	18559
32165	31519	35.44	32165	32166	31947	31948	31949	31950	31731	31732	31733	31734	31735	31516	31517	31518	31519
20505	22715	33.08	20505	20726	20947	21168	21389	21610	21831	22052	22273	22494	22715
25555	29967	60.47	25555	25776	25997	26218	26438	26658	26878	27099	27320	27541	27762	27983	28204	28425	28646	28866	29087	29307	29527	29747	29967
18045	21135	44.980000000000004	18045	18266	18487	18708	18929	19149	19370	19590	19811	20031	20252	20473	20694	20915	21135
9275	9495	2.7800000000000002	9495	9275
14809	12155	47.43000000000001	14809	14588	14367	14146	13925	13924	13923	13702	13481	13260	13039	12818	12597	12376	12155
22016	21356	9.1	22016	21796	21577	21356
17182	13903	62.24000000000001	17182	16963	16744	16525	16306	16087	15868	15869	15870	15871	15872	15873	15874	15875	15656	15437	15218	14999	14780	14560	14341	14122	13903
13499	13502	5.97	13499	13500	13501	13502
17181	18045	36.66	17181	17180	17179	17178	17397	17396	17615	17834	18053	18052	18051	18050	18049	18048	18047	18046	18045
32402	31519	13.399999999999999	32402	32181	31960	31739	31519
21872	21652	2.2199999999999998	21652	21872
32165	27755	59.31999999999999	32165	32164	31943	31722	31501	31280	31060	30839	30619	30399	30179	29958	29738	29518	29298	29078	28857	28636	28415	28195	27975	27755
27804	28024	4.1499999999999995	28024	27804
24922	22715	33.709999999999994	24922	24702	24481	24260	24039	23819	23598	23377	23156	22935	22715
10664	12425	22.430000000000003	10664	10884	11104	11324	11545	11765	11985	12205	12425
13722	13502	2.7800000000000002	13502	13722
22768	24959	36.449999999999996	22768	22987	23206	23425	23644	23863	24082	24301	24520	24739	24959
20544	19017	36.8	20544	20545	20546	20327	20328	20109	19890	19891	19892	19673	19454	19235	19016	19017
17680	13722	49.34	17680	17460	17240	17020	16800	16580	16360	16140	15920	15700	15480	15260	15040	14820	14600	14380	14161	13942	13722
26944	24959	30.67	26944	26724	26504	26284	26063	25842	25621	25401	25180	24959
30187	29967	2.65	30187	29967
24046	23826	2.7800000000000002	24046	23826
28661	31519	38.07000000000001	28661	28881	29101	29321	29540	29760	29980	30200	30420	30639	30859	31079	31299	31519
20505	19195	28.41	20505	20506	20507	20508	20509	20290	20071	19852	19633	19414	19195
35954	32447	53.199999999999996	35954	35734	35515	35296	35077	34857	34637	34418	34199	33980	33761	33542	33323	33104	32885	32666	32447
19436	20318	10.77	19436	19657	19878	20098	20318
27129	24937	31.86	27129	26910	26691	26472	26253	26034	25815	25595	25375	25156	24937
9495	13903	57.7	9495	9715	9935	10156	10377	10597	10817	11037	11257	11477	11697	11917	12137	12357	12578	12799	13020	13241	13462	13683	13903
21872	22091	2.83	21872	22091
13305	18380	71.7	13305	13526	13747	13968	14189	14409	14629	14849	15070	15291	15512	15733	15953	16174	16395	16616	16837	17058	17278	17498	17718	17939	18159	18380
23826	24267	7.24	23826	24047	24267
20752	19197	42.02	20752	20531	20310	20309	20308	20087	20086	20085	19864	19643	19642	19421	19200	19199	19198	19197
32401	32165	39.09	32401	32400	32399	32398	32397	32396	32395	32394	32393	32392	32391	32390	32389	32388	32607	32386	32165
28024	32447	77.75999999999999	28024	28245	28246	28247	28248	28469	28690	28911	29132	29353	29573	29794	29795	30016	30236	30457	30678	30899	31119	31340	31561	31782	31783	32004	32005	32226	32447
15444	20505	60.62000000000002	15444	15664	15884	16104	16324	16545	16765	16985	17205	17425	17645	17865	18085	18305	18525	18745	18965	19185	19405	19625	19845	20065	20285	20505
24231	24014	6.590000000000001	24231	24012	24013	24014
28661	27783	12.34	28661	28442	28222	28002	27783
29329	27129	27.340000000000003	29329	29109	28889	28669	28449	28229	28009	27789	27569	27349	27129
32449	32230	3.54	32230	32449
24046	24267	4.72	24046	24267
17680	18354	34.85	17680	17681	17682	17903	17904	17905	18126	18347	18348	18349	18350	18351	18352	18353	18354
20752	19436	15.290000000000001	20752	20532	20313	20094	19875	19655	19436
32402	32401	2.19	32402	32401
18354	13722	65.18	18354	18133	17912	17692	17472	17252	17032	16812	16592	16372	16151	15931	15711	15490	15269	15048	14827	14606	14385	14164	13943	13722
17680	18540	44.87	17680	17679	17678	17677	17896	17895	18114	18333	18332	18331	18330	18329	18548	18547	18546	18545	18544	18543	18542	18541	18540
32449	32447	5.109999999999999	32449	32448	32447
13284	10664	56.190000000000005	13284	13065	12846	12627	12408	12189	12190	11971	11972	11753	11534	11315	11096	11097	11098	11099	10880	10661	10662	10663	10664
33728	35276	26.969999999999995	33728	33729	33950	34171	34392	34613	34834	35055	35276
17680	18559	9.58	17680	17900	18120	18340	18559
29329	31519	38.669999999999995	29329	29548	29547	29546	29765	29984	30204	30423	30643	30862	31081	31300	31519
27783	24922	37.20000000000001	27783	27563	27344	27125	26905	26685	26465	26244	26024	25804	25583	25362	25142	24922
10664	9275	154.83	10664	10443	10222	10221	10220	10219	9998	9997	9996	9995	9994	9993	9992	9991	9990	9989	9988	9987	9986	9985	9984	9983	9982	9981	9980	9979	9978	9977	9976	10195	10194	10193	10192	10191	10190	10189	10188	9967	9746	9525	9524	9523	9522	9521	9520	9519	9518	9517	9516	9515	9514	9513	9512	9511	9510	9509	9508	9507	9506	9505	9504	9503	9502	9501	9500	9499	9278	9277	9276	9275
20505	24014	50.10000000000001	20505	20725	20945	21165	21385	21604	21824	22044	22263	22482	22481	22700	22919	23138	23357	23576	23795	24014
32623	32402	3.54	32402	32623
24937	27804	41.21	24937	25157	25378	25599	25819	26039	26259	26479	26699	26920	27141	27362	27583	27804
32416	32623	28.430000000000003	32416	32415	32634	32633	32632	32631	32630	32629	32628	32627	32626	32625	32624	32623
27804	24958	47.89999999999999	27804	27584	27364	27145	26926	26707	26488	26268	26269	26050	25831	25612	25613	25614	25615	25396	25177	24958
22068	22506	5.66	22068	22287	22506
22768	21872	33.640000000000015	22768	22767	22766	22765	22764	22763	22762	22541	22540	22539	22318	22097	22096	22095	21874	21873	21872
24267	24488	3.54	24488	24267
35512	33736	45.24999999999999	35512	35511	35510	35509	35508	35507	35506	35285	35064	34843	34842	34621	34400	34399	34178	33957	33736
35512	33743	35.62	35512	35291	35290	35289	35288	35067	34846	34625	34406	34185	33964	33743
14809	13499	29.950000000000006	14809	14590	14371	14152	13933	13934	13935	13936	13717	13718	13499
21652	19017	37.18	21652	21432	21212	20992	20772	20552	20332	20112	19893	19674	19455	19236	19017
22068	22726	7.88	22068	22288	22507	22726
29125	28024	13.850000000000001	29125	28905	28684	28464	28244	28024
24922	24046	15.34	24922	24703	24484	24265	24046
22341	22559	4.57	22341	22340	22559
20542	20318	11.23	20542	20541	20540	20539	20318
32844	32623	3.25	32844	32623
17680	15029	39.93	17680	17459	17238	17017	16796	16575	16354	16133	15912	15691	15470	15249	15029
